##########
system.mem_ctrls.dram.rank0.actEnergy


               Expts	17.C4/AE.BASELINE.4C	C2017.C4/RFM1.BR2.4C	C2017.C4/RFM2.BR2.4C	C2017.C4/RFM5.BR2.4C	

             blender	76703185488.390 	76703185488.390 	75892600012.326 	76184590049.572 	
                 lbm	63847346681.661 	63847346681.661 	49440546267.843 	50168456747.131 	
                roms	10695239152.416 	10695239152.416 	11084936571.072 	10948488052.320 	
                 gcc	8808406667.424 	8808406667.424 	9054407587.680 	9574855565.184 	
                 mcf	9988589205.504 	9988589205.504 	10255470170.400 	10217277933.408 	
           cactuBSSN	5446457505.216 	5446457505.216 	5446457505.216 	6173772302.880 	
                  xz	932718923.136 	932718923.136 	845116298.208 	935984256.480 	
           deepsjeng	657364309.056 	657364309.056 	580377915.936 	567254207.520 	
             imagick	256813633.440 	256813633.440 	261878486.688 	270648417.312 	
                 nab	318452647.968 	318452647.968 	307789634.880 	310764924.288 	
              bwaves	156792138.048 	156792138.048 	156792138.048 	160625084.256 	
                namd	190421640.864 	190421640.864 	190421640.864 	220863779.136 	
              parest	104712098.400 	104712098.400 	104712098.400 	104712098.400 	
               leela	31234301.280 	31234301.280 	31234301.280 	29038699.872 	
                 wrf	22754414.592 	22754414.592 	22018389.120 	22239820.512 	
              povray	 5370490.944 	 5370490.944 	 5370490.944 	 5432865.984 	
           exchange2	 4104277.632 	 4104277.632 	 4104277.632 	 4088683.872 	
               mix11	15367048560.864 	15367048560.864 	15318221379.552 	14570176237.344 	
               mix13	4769560452.384 	4769560452.384 	4753611154.656 	4466090289.024 	
               mix14	3868194343.104 	3868194343.104 	3862384108.128 	3645808612.992 	
                mix5	3490675651.008 	3490675651.008 	3485351941.344 	3501800239.392 	
                mix6	2980893805.344 	2980893805.344 	2968727553.792 	2832434972.640 	
                mix9	2764664491.680 	2764664491.680 	2765487842.208 	2753539903.296 	
               mix15	2296839216.672 	2296839216.672 	2294325502.560 	2231095924.512 	
                mix4	1708982533.440 	1710710322.048 	1706740150.752 	1681253709.408 	
               mix12	1783165168.512 	1783165168.512 	1785329582.400 	1775845457.568 	
               mix10	1679753589.696 	1679753589.696 	1680592533.984 	1670144714.784 	
                mix8	1623775110.048 	1623775110.048 	1624096341.504 	1624058916.480 	
               mix17	1546810548.192 	1546810548.192 	1548379280.448 	1546062047.712 	
                mix2	1356130050.912 	1356130050.912 	1359039846.528 	1359248802.912 	
                mix1	1146269228.832 	1146269228.832 	1144307533.824 	1141862432.256 	
               mix16	971157541.536 	971157541.536 	971990248.320 	971562979.296 	
                mix7	756749579.040 	756749579.040 	751357256.832 	724018276.800 	
                mix3	428129799.552 	428129799.552 	428413605.984 	428204649.600 	
##########
system.mem_ctrls.dram.rank0.preEnergy


               Expts	17.C4/AE.BASELINE.4C	C2017.C4/RFM1.BR2.4C	C2017.C4/RFM2.BR2.4C	C2017.C4/RFM5.BR2.4C	

             blender	101975806366.806 	101975806366.806 	100898168246.544 	101286377696.638 	
                 lbm	84884121052.698 	84884121052.698 	65730510214.826 	66698216401.449 	
                roms	14219121139.574 	14219121139.574 	14737239593.261 	14555845475.942 	
                 gcc	11710547638.508 	11710547638.508 	12037611000.811 	12729548207.175 	
                 mcf	13279676411.837 	13279676411.837 	13634395867.277 	13583665387.588 	
           cactuBSSN	7240995426.806 	7240995426.806 	7240995426.806 	8207951125.752 	
                  xz	1240004679.648 	1240004679.648 	1123554698.280 	1244362483.829 	
           deepsjeng	873928396.757 	873928396.757 	771604998.494 	754128172.022 	
             imagick	341359945.382 	341359945.382 	348143358.931 	359769698.534 	
                 nab	423349688.362 	423349688.362 	409185788.189 	413141397.312 	
              bwaves	208453137.379 	208453137.379 	208453137.379 	213548990.222 	
                namd	253146544.862 	253146544.862 	253146544.862 	293627270.093 	
              parest	139213392.360 	139213392.360 	139213392.360 	139213392.360 	
               leela	41525603.112 	41525603.112 	41525603.112 	38606579.189 	
                 wrf	30251702.477 	30251702.477 	29273166.048 	29567556.245 	
              povray	 7139998.858 	 7139998.858 	 7139998.858 	 7222925.674 	
           exchange2	 5456584.493 	 5456584.493 	 5456584.493 	 5435852.789 	
               mix11	20430206975.069 	20430206975.069 	20365266985.459 	19370746412.875 	
               mix13	6340969961.054 	6340969961.054 	6319865086.382 	5937547586.578 	
               mix14	5142627713.765 	5142627713.765 	5134903080.854 	4847055809.837 	
                mix5	4640750476.992 	4640750476.992 	4633602185.453 	4655503157.558 	
                mix6	3962989609.824 	3962989609.824 	3946810588.022 	3765582324.336 	
                mix9	3675519655.819 	3675519655.819 	3676614289.790 	3660704780.141 	
               mix15	3053543657.774 	3053543657.774 	3050218292.453 	2966134647.370 	
                mix4	2271991587.701 	2274296953.186 	2269035246.710 	2235159642.374 	
               mix12	2370608157.288 	2370608157.288 	2373527181.211 	2360909866.157 	
               mix10	2233190130.494 	2233190130.494 	2234317935.192 	2220390376.445 	
                mix8	2158759166.794 	2158759166.794 	2159186239.896 	2159132337.466 	
               mix17	2056444061.213 	2056444061.213 	2058492353.568 	2055469671.125 	
                mix2	1802895321.293 	1802895321.293 	1806747271.896 	1807091418.182 	
                mix1	1523925365.928 	1523925365.928 	1521329756.587 	1518045854.674 	
               mix16	1291116622.690 	1291116622.690 	1292248573.728 	1291668086.016 	
                mix7	1006051546.349 	1006051546.349 	998882523.106 	962548138.675 	
                mix3	569122591.867 	569122591.867 	569528933.266 	569242835.750 	
##########
system.mem_ctrls.dram.rank0.readEnergy


               Expts	17.C4/AE.BASELINE.4C	C2017.C4/RFM1.BR2.4C	C2017.C4/RFM2.BR2.4C	C2017.C4/RFM5.BR2.4C	

             blender	122277128824.296 	122277128824.296 	122313307355.094 	122273658612.937 	
                 lbm	87770041102.731 	87770041102.731 	87768909603.512 	87772682669.683 	
                roms	19252358263.085 	19252358263.085 	19243512378.854 	19235150221.056 	
                 gcc	26184099145.210 	26184099145.210 	26157561492.518 	26182559633.260 	
                 mcf	29471966671.929 	29471966671.929 	29444221806.316 	29510854070.745 	
           cactuBSSN	10814676046.542 	10814676046.542 	10814676046.542 	10806822853.076 	
                  xz	1709119054.810 	1709119054.810 	1713115055.769 	1709455560.154 	
           deepsjeng	1041025551.149 	1041025551.149 	1041248485.939 	1041471420.729 	
             imagick	1092401504.544 	1092401504.544 	1099022247.187 	1098879232.416 	
                 nab	2185299354.470 	2185299354.470 	2185724192.467 	2185635859.814 	
              bwaves	887751573.274 	887751573.274 	887751573.274 	887747366.957 	
                namd	1587628006.675 	1587628006.675 	1587628006.675 	1586631109.594 	
              parest	443425710.739 	443425710.739 	443425710.739 	443425710.739 	
               leela	120313279.430 	120313279.430 	120313279.430 	120313279.430 	
                 wrf	102600479.386 	102600479.386 	102604685.702 	102608892.019 	
              povray	23589024.614 	23589024.614 	23589024.614 	23589024.614 	
           exchange2	34504416.710 	34504416.710 	34504416.710 	34504416.710 	
               mix11	22538463343.066 	22538463343.066 	22450118071.315 	21105989537.875 	
               mix13	8750194729.517 	8750194729.517 	8715341188.512 	8117434286.976 	
               mix14	7225968535.968 	7225968535.968 	7217581140.269 	6753893601.504 	
                mix5	7747943006.630 	7747943006.630 	7748679112.070 	7762320197.453 	
                mix6	7779376812.077 	7779376812.077 	7759657598.918 	7293429444.806 	
                mix9	4656022541.722 	4656022541.722 	4656098255.424 	4641986062.560 	
               mix15	8106325404.307 	8106325404.307 	8096945317.843 	7982373660.845 	
                mix4	7073136221.357 	7073035269.754 	7064323987.661 	7002894937.114 	
               mix12	4169292799.526 	4169292799.526 	4164165299.347 	4130098339.584 	
               mix10	4672082259.264 	4672082259.264 	4667110392.806 	4625875869.216 	
                mix8	2511566523.379 	2511566523.379 	2512782148.934 	2511440333.875 	
               mix17	2965104219.706 	2965104219.706 	2964477478.502 	2963417486.669 	
                mix2	3157185676.378 	3157185676.378 	3159608514.854 	3157395992.218 	
                mix1	2907149586.835 	2907149586.835 	2902484781.504 	2898505605.811 	
               mix16	1717472799.974 	1717472799.974 	1720673807.059 	1721254278.778 	
                mix7	2512504532.026 	2512504532.026 	2505261254.496 	2465103548.006 	
                mix3	852746604.864 	852746604.864 	853806596.698 	853343901.850 	
##########
system.mem_ctrls.dram.rank0.writeEnergy


               Expts	17.C4/AE.BASELINE.4C	C2017.C4/RFM1.BR2.4C	C2017.C4/RFM2.BR2.4C	C2017.C4/RFM5.BR2.4C	

             blender	28389232003.096 	28389232003.096 	28388251035.639 	28387367789.083 	
                 lbm	58627031403.354 	58627031403.354 	58626306013.629 	58628809171.976 	
                roms	6175254029.953 	6175254029.953 	6206355584.353 	6199703046.433 	
                 gcc	3516783363.744 	3516783363.744 	3514107314.592 	3514821428.832 	
                 mcf	59636056.032 	59636056.032 	60203588.928 	59263964.928 	
           cactuBSSN	2055318503.616 	2055318503.616 	2055318503.616 	2053999271.520 	
                  xz	700320559.680 	700320559.680 	702252426.624 	700617480.864 	
           deepsjeng	434647511.424 	434647511.424 	434824160.736 	434880538.176 	
             imagick	313996031.328 	313996031.328 	319051208.448 	317949969.120 	
                 nab	53163925.920 	53163925.920 	53137616.448 	53178959.904 	
              bwaves	463332352.896 	463332352.896 	463332352.896 	463287250.944 	
                namd	98837169.312 	98837169.312 	98837169.312 	98784550.368 	
              parest	53949451.584 	53949451.584 	53949451.584 	53949451.584 	
               leela	  676529.280 	  676529.280 	  676529.280 	  680287.776 	
                 wrf	0           	0           	0           	0           	
              povray	0           	0           	0           	0           	
           exchange2	0           	0           	0           	0           	
               mix11	12034057730.688 	12034057730.688 	11984618474.304 	11190121280.352 	
               mix13	4748886005.472 	4748886005.472 	4729589887.008 	4373558836.416 	
               mix14	4297103510.784 	4297103510.784 	4290883199.904 	3996265973.952 	
                mix5	2218677773.760 	2218677773.760 	2219064898.848 	2218621396.320 	
                mix6	4812769161.984 	4812769161.984 	4800275921.280 	4489741464.768 	
                mix9	1833379314.816 	1833379314.816 	1833811541.856 	1823148688.704 	
               mix15	2376365473.440 	2376365473.440 	2373054238.464 	2318916862.080 	
                mix4	2044651891.968 	2044565446.560 	2039889877.536 	2009927147.424 	
               mix12	975893486.400 	975893486.400 	974036789.376 	964151944.896 	
               mix10	1003063653.984 	1003063653.984 	1002526189.056 	996704278.752 	
                mix8	1281688479.456 	1281688479.456 	1282101914.016 	1281669686.976 	
               mix17	816709905.312 	816709905.312 	816533256.000 	815886794.688 	
                mix2	683941034.112 	683941034.112 	685222681.248 	684918243.072 	
                mix1	891511492.704 	891511492.704 	890462872.320 	886249598.304 	
               mix16	280165808.832 	280165808.832 	280733341.728 	280770926.688 	
                mix7	488472932.640 	488472932.640 	485030150.304 	464625275.520 	
                mix3	211434192.480 	211434192.480 	211851385.536 	211734872.160 	
##########
system.mem_ctrls.dram.rank0.refreshEnergy


               Expts	17.C4/AE.BASELINE.4C	C2017.C4/RFM1.BR2.4C	C2017.C4/RFM2.BR2.4C	C2017.C4/RFM5.BR2.4C	

             blender	164749107426.375 	164749107426.375 	164071657766.676 	172263395676.293 	
                 lbm	114833951518.458 	114833951518.458 	113951465969.933 	134333141621.259 	
                roms	32097814244.604 	32097814244.604 	32419221854.114 	34764666176.965 	
                 gcc	57465463976.219 	57465463976.219 	57558284277.241 	58419989161.358 	
                 mcf	49320828905.926 	49320828905.926 	49279267577.111 	49021587338.452 	
           cactuBSSN	51087185380.603 	51087185380.603 	51087185380.603 	51020687254.497 	
                  xz	25539436557.434 	25539436557.434 	25623944592.693 	25558831844.215 	
           deepsjeng	22220071762.660 	22220071762.660 	22221457140.287 	22232540161.305 	
             imagick	11354555032.530 	11354555032.530 	11379491829.820 	11426594669.144 	
                 nab	19856617530.655 	19856617530.655 	19866315174.045 	19873242062.181 	
              bwaves	15054898674.779 	15054898674.779 	15054898674.779 	15086762360.205 	
                namd	10153432629.748 	10153432629.748 	10153432629.748 	10147891119.240 	
              parest	11238183311.845 	11238183311.845 	11238183311.845 	11238183311.845 	
               leela	26729475939.200 	26729475939.200 	26729475939.200 	26728090561.572 	
                 wrf	12814743051.598 	12814743051.598 	12813357673.971 	12814743051.598 	
              povray	11595610739.663 	11595610739.663 	11595610739.663 	11595610739.663 	
           exchange2	16959792912.178 	16959792912.178 	16959792912.178 	16959792912.178 	
               mix11	31349710325.915 	31349710325.915 	31391271654.731 	32902718646.008 	
               mix13	12983759122.116 	12983759122.116 	12967134590.590 	13039174227.204 	
               mix14	11434906934.908 	11434906934.908 	11437677690.162 	11533268746.439 	
                mix5	24296752825.835 	24296752825.835 	24316148112.615 	24514257113.305 	
                mix6	11329618235.240 	11329618235.240 	11324076724.732 	11331003612.868 	
                mix9	22770066680.659 	22770066680.659 	22774222813.541 	22810242631.848 	
               mix15	12199635385.122 	12199635385.122 	12282758042.754 	12576458099.720 	
                mix4	11779865964.080 	11779865964.080 	11838051824.423 	12091575930.200 	
               mix12	10641085554.522 	10641085554.522 	10643856309.777 	10648012442.658 	
               mix10	11612235271.189 	11612235271.189 	11612235271.189 	11613620648.816 	
                mix8	22663392603.364 	22663392603.364 	22675861002.009 	22668934113.873 	
               mix17	16774152310.133 	16774152310.133 	16775537687.760 	16775537687.760 	
                mix2	10707583680.628 	10707583680.628 	10714510568.764 	10735291233.172 	
                mix1	14366365994.061 	14366365994.061 	14370522126.943 	14398229679.487 	
               mix16	10574587428.417 	10574587428.417 	10577358183.671 	10580128938.926 	
                mix7	11570673942.373 	11570673942.373 	11569288564.746 	11573444697.628 	
                mix3	10552421386.382 	10552421386.382 	10552421386.382 	10559348274.518 	
##########
system.mem_ctrls.dram.rank0.actBackEnergy


               Expts	17.C4/AE.BASELINE.4C	C2017.C4/RFM1.BR2.4C	C2017.C4/RFM2.BR2.4C	C2017.C4/RFM5.BR2.4C	

             blender	389196459915.651 	389196459915.651 	387646690343.548 	407000515515.634 	
                 lbm	271679819881.868 	271679819881.868 	269585539373.287 	317767994662.892 	
                roms	72061900805.159 	72061900805.159 	72799633997.798 	77537767541.976 	
                 gcc	131620249724.456 	131620249724.456 	131265833643.619 	134464814783.121 	
                 mcf	96916351478.587 	96916351478.587 	97056431280.245 	105717210454.298 	
           cactuBSSN	89991323482.232 	89991323482.232 	89991323482.232 	97431050552.576 	
                  xz	57909164245.128 	57909164245.128 	57129801734.880 	57873703387.146 	
           deepsjeng	47633230959.250 	47633230959.250 	46423282224.414 	45160576033.004 	
             imagick	20704707922.752 	20704707922.752 	19169503870.104 	19873803105.677 	
                 nab	46946824927.534 	46946824927.534 	46920432044.911 	46954246045.898 	
              bwaves	7928494693.057 	7928494693.057 	7928494693.057 	7892654498.872 	
                namd	22549293205.388 	22549293205.388 	22549293205.388 	23469867156.457 	
              parest	9759986507.175 	9759986507.175 	9759986507.175 	9759986507.175 	
               leela	13725181486.500 	13725181486.500 	13725181486.500 	11745497313.046 	
                 wrf	4052864105.641 	4052864105.641 	3978922562.093 	3911477858.770 	
              povray	3055630978.512 	3055630978.512 	3055630978.512 	3060247415.199 	
           exchange2	3714985243.268 	3714985243.268 	3714985243.268 	3722954134.436 	
               mix11	74162607382.282 	74162607382.282 	74260706838.797 	77825315000.966 	
               mix13	30716979191.640 	30716979191.640 	30674864380.306 	30844051158.514 	
               mix14	27054519273.835 	27054519273.835 	27059994878.717 	27280652484.355 	
                mix5	57214854432.188 	57214854432.188 	57270893571.562 	57710005660.440 	
                mix6	26807338565.683 	26807338565.683 	26795169375.307 	26809510548.543 	
                mix9	53827438740.668 	53827438740.668 	53833118875.705 	53913504180.716 	
               mix15	28861221891.600 	28861221891.600 	29058747773.631 	29751188506.503 	
                mix4	27865097756.698 	27864132430.983 	27999612781.157 	28597007147.789 	
               mix12	25174885732.114 	25174885732.114 	25180146898.805 	25188240348.130 	
               mix10	27467969551.547 	27467969551.547 	27465004218.155 	27470176212.529 	
                mix8	53534640730.738 	53534640730.738 	53573120000.871 	53555860911.269 	
               mix17	39678683087.638 	39678683087.638 	39681373119.194 	39679199720.902 	
                mix2	25238360144.190 	25238360144.190 	25256082788.295 	25306836698.607 	
                mix1	29231889981.035 	29231889981.035 	29271453473.305 	29549625100.129 	
               mix16	24335251936.028 	24335251936.028 	24286369228.935 	24335893127.449 	
                mix7	27343119815.425 	27343119815.425 	27341058944.104 	27349205472.188 	
                mix3	23528479554.116 	23528479554.116 	23493028604.170 	23523665664.442 	
##########
system.mem_ctrls.dram.rank0.preBackEnergy


               Expts	17.C4/AE.BASELINE.4C	C2017.C4/RFM1.BR2.4C	C2017.C4/RFM2.BR2.4C	C2017.C4/RFM5.BR2.4C	

             blender	2620409080.938 	2620409080.938 	2569906378.102 	2697563646.762 	
                 lbm	1518253511.579 	1518253511.579 	1510468178.958 	1809625172.277 	
                roms	3404250746.804 	3404250746.804 	3426412598.516 	4078880243.022 	
                 gcc	4091295338.996 	4091295338.996 	4533539970.353 	3653402054.401 	
                 mcf	15841931091.853 	15841931091.853 	15659346906.750 	8532339554.446 	
           cactuBSSN	24396815320.815 	24396815320.815 	24396815320.815 	18558645123.381 	
                  xz	2269247457.792 	2269247457.792 	3023737381.056 	2331941218.253 	
           deepsjeng	4088408398.234 	4088408398.234 	5019028897.075 	6010122349.055 	
             imagick	4884018602.803 	4884018602.803 	6107810138.304 	5654742605.836 	
                 nab	287242177.152 	287242177.152 	325601131.430 	312303476.621 	
              bwaves	21474741322.139 	21474741322.139 	21474741322.139 	21561185322.702 	
                namd	1266068985.754 	1266068985.754 	1266068985.754 	548705262.067 	
              parest	13079997747.265 	13079997747.265 	13079997747.265 	13079997747.265 	
               leela	38397108770.493 	38397108770.493 	38397108770.493 	39917452581.615 	
                 wrf	20350360278.529 	20350360278.529 	20405995199.656 	20458996038.837 	
              povray	18884327278.389 	18884327278.389 	18884327278.389 	18880780185.793 	
           exchange2	28201698838.389 	28201698838.389 	28201698838.389 	28195303413.582 	
               mix11	420201867.993 	420201867.993 	421312815.437 	449607445.056 	
               mix13	173250160.205 	173250160.205 	174087041.318 	176509048.128 	
               mix14	152577728.486 	152577728.486 	152695729.267 	156692529.907 	
                mix5	527804441.741 	527804441.741 	521508529.113 	546746014.080 	
                mix6	149121991.334 	149121991.334 	148901215.680 	150424893.965 	
                mix9	336256547.558 	336256547.558 	339243000.499 	343297985.856 	
               mix15	163515911.462 	163515911.462 	164495263.565 	170348537.318 	
                mix4	160748059.046 	160984060.608 	162866091.494 	167607330.240 	
               mix12	143269805.146 	143269805.146 	142954411.354 	144674395.085 	
               mix10	159396216.000 	159396216.000 	161712185.242 	158918231.270 	
                mix8	364351609.037 	364351609.037 	358232425.690 	358209586.829 	
               mix17	226931814.950 	226931814.950 	228873661.901 	228825265.267 	
                mix2	214935975.206 	214935975.206 	214698886.080 	212196943.258 	
                mix1	3846897777.139 	3846897777.139 	3823433022.797 	3661154216.295 	
               mix16	664581485.030 	664581485.030 	707028051.610 	674124866.150 	
                mix7	177430759.296 	177430759.296 	177083282.342 	178351382.899 	
                mix3	1245087141.850 	1245087141.850 	1271969568.576 	1261321765.402 	
##########
system.mem_ctrls.dram.rank0.totalEnergy


               Expts	17.C4/AE.BASELINE.4C	C2017.C4/RFM1.BR2.4C	C2017.C4/RFM2.BR2.4C	C2017.C4/RFM5.BR2.4C	

             blender	885911329105.821 	885911329105.821 	881780581138.206 	910093468987.172 	
                 lbm	683160565152.513 	683160565152.513 	646613745622.156 	717178926446.879 	
                roms	157905938381.586 	157905938381.586 	159917312577.958 	167320500757.702 	
                 gcc	243396845854.579 	243396845854.579 	244121345286.840 	248539990833.354 	
                 mcf	214878979821.676 	214878979821.676 	215389337197.043 	216642198703.895 	
           cactuBSSN	191032771665.867 	191032771665.867 	191032771665.867 	194252928483.702 	
                  xz	90300011477.625 	90300011477.625 	90161522187.509 	90354896230.939 	
           deepsjeng	76948676888.530 	76948676888.530 	76491823822.882 	76200972881.813 	
             imagick	38947852672.781 	38947852672.781 	38684901139.484 	39002387698.042 	
                 nab	70070950252.060 	70070950252.060 	70068185582.371 	70102512726.019 	
              bwaves	46174463891.574 	46174463891.574 	46174463891.574 	46265810874.159 	
                namd	36098828182.603 	36098828182.603 	36098828182.603 	36366370246.954 	
              parest	34819468219.370 	34819468219.370 	34819468219.370 	34819468219.370 	
               leela	79045515909.284 	79045515909.284 	79045515909.284 	78579679302.490 	
                 wrf	37373574032.226 	37373574032.226 	37352171676.594 	37339633217.984 	
              povray	33571668510.983 	33571668510.983 	33571668510.983 	33572883156.930 	
           exchange2	48920542272.671 	48920542272.671 	48920542272.671 	48922079413.568 	
               mix11	176302296185.870 	176302296185.870 	176191516219.588 	177414674560.469 	
               mix13	68483599622.390 	68483599622.390 	68334493328.774 	66954365432.842 	
               mix14	59175898040.851 	59175898040.851 	59156119827.303 	58213637758.987 	
                mix5	100137458608.152 	100137458608.152 	100195248351.005 	100909253778.547 	
                mix6	57822108181.488 	57822108181.488 	57743618977.733 	56672127261.926 	
                mix9	89863347972.921 	89863347972.921 	89878596619.022 	89946424233.120 	
               mix15	57057446940.379 	57057446940.379 	57320544431.270 	57996516238.349 	
                mix4	52904474014.291 	52907590447.219 	53080519959.734 	53785425844.551 	
               mix12	45258200703.509 	45258200703.509 	45264016472.271 	45211932794.078 	
               mix10	48827690672.174 	48827690672.174 	48823498725.624 	48755830331.813 	
                mix8	84138174222.816 	84138174222.816 	84185380072.920 	84159305886.768 	
               mix17	64064835947.146 	64064835947.146 	64073666837.376 	64064398674.125 	
                mix2	43161031882.719 	43161031882.719 	43195910557.666 	43262979331.421 	
                mix1	53914009426.536 	53914009426.536 	53923993567.281 	54053672486.957 	
               mix16	39834333622.507 	39834333622.507 	39836401435.051 	39855403203.302 	
                mix7	43855003107.149 	43855003107.149 	43827961975.930 	43717296791.717 	
                mix3	37387421271.110 	37387421271.110 	37381020080.611 	37406861963.722 	
##########
system.mem_ctrls.dram.rank0.averagePower


               Expts	17.C4/AE.BASELINE.4C	C2017.C4/RFM1.BR2.4C	C2017.C4/RFM2.BR2.4C	C2017.C4/RFM5.BR2.4C	

             blender	    1917.109 	    1917.109 	    1916.054 	    1883.542 	
                 lbm	    2120.960 	    2120.960 	    2023.053 	    1903.377 	
                roms	    1753.857 	    1753.857 	    1758.573 	    1715.893 	
                 gcc	    1510.022 	    1510.022 	    1512.075 	    1516.737 	
                 mcf	    1553.260 	    1553.260 	    1558.243 	    1575.555 	
           cactuBSSN	    1333.147 	    1333.147 	    1333.147 	    1357.386 	
                  xz	    1260.526 	    1260.526 	    1254.417 	    1260.337 	
           deepsjeng	    1234.568 	    1234.568 	    1227.209 	    1221.916 	
             imagick	    1222.788 	    1222.788 	    1211.956 	    1216.759 	
                 nab	    1258.059 	    1258.059 	    1257.384 	    1257.562 	
              bwaves	    1093.444 	    1093.444 	    1093.444 	    1093.271 	
                namd	    1267.488 	    1267.488 	    1267.488 	    1277.571 	
              parest	    1104.518 	    1104.518 	    1104.518 	    1104.518 	
               leela	    1054.305 	    1054.305 	    1054.305 	    1048.108 	
                 wrf	    1039.769 	    1039.769 	    1039.218 	    1038.825 	
              povray	    1032.191 	    1032.191 	    1032.191 	    1032.229 	
           exchange2	    1028.309 	    1028.309 	    1028.309 	    1028.350 	
               mix11	    2004.917 	    2004.917 	    2000.991 	    1922.338 	
               mix13	    1880.379 	    1880.379 	    1878.776 	    1830.621 	
               mix14	    1844.774 	    1844.774 	    1843.776 	    1799.494 	
                mix5	    1469.329 	    1469.329 	    1468.963 	    1467.479 	
                mix6	    1819.369 	    1819.369 	    1817.738 	    1782.929 	
                mix9	    1406.942 	    1406.942 	    1406.933 	    1405.776 	
               mix15	    1667.329 	    1667.329 	    1663.641 	    1643.945 	
                mix4	    1601.020 	    1601.152 	    1598.531 	    1585.832 	
               mix12	    1516.139 	    1516.139 	    1516.044 	    1513.683 	
               mix10	    1498.946 	    1498.946 	    1498.815 	    1496.655 	
                mix8	    1323.557 	    1323.557 	    1323.552 	    1323.565 	
               mix17	    1361.619 	    1361.619 	    1361.629 	    1361.512 	
                mix2	    1437.003 	    1437.003 	    1437.184 	    1436.743 	
                mix1	    1337.828 	    1337.828 	    1337.723 	    1338.323 	
               mix16	    1342.975 	    1342.975 	    1342.715 	    1342.989 	
                mix7	    1351.239 	    1351.239 	    1350.529 	    1346.640 	
                mix3	    1263.047 	    1263.047 	    1262.854 	    1262.884 	
##########
sim_seconds


               Expts	17.C4/AE.BASELINE.4C	C2017.C4/RFM1.BR2.4C	C2017.C4/RFM2.BR2.4C	C2017.C4/RFM5.BR2.4C	

             blender	       0.462 	       0.462 	       0.460 	       0.483 	
                 lbm	       0.322 	       0.322 	       0.320 	       0.377 	
                roms	       0.090 	       0.090 	       0.091 	       0.098 	
                 gcc	       0.161 	       0.161 	       0.161 	       0.164 	
                 mcf	       0.138 	       0.138 	       0.138 	       0.138 	
           cactuBSSN	       0.143 	       0.143 	       0.143 	       0.143 	
                  xz	       0.072 	       0.072 	       0.072 	       0.072 	
           deepsjeng	       0.062 	       0.062 	       0.062 	       0.062 	
             imagick	       0.032 	       0.032 	       0.032 	       0.032 	
                 nab	       0.056 	       0.056 	       0.056 	       0.056 	
              bwaves	       0.042 	       0.042 	       0.042 	       0.042 	
                namd	       0.028 	       0.028 	       0.028 	       0.028 	
              parest	       0.032 	       0.032 	       0.032 	       0.032 	
               leela	       0.075 	       0.075 	       0.075 	       0.075 	
                 wrf	       0.036 	       0.036 	       0.036 	       0.036 	
              povray	       0.033 	       0.033 	       0.033 	       0.033 	
           exchange2	       0.048 	       0.048 	       0.048 	       0.048 	
               mix11	       0.088 	       0.088 	       0.088 	       0.092 	
               mix13	       0.036 	       0.036 	       0.036 	       0.037 	
               mix14	       0.032 	       0.032 	       0.032 	       0.032 	
                mix5	       0.068 	       0.068 	       0.068 	       0.069 	
                mix6	       0.032 	       0.032 	       0.032 	       0.032 	
                mix9	       0.064 	       0.064 	       0.064 	       0.064 	
               mix15	       0.034 	       0.034 	       0.034 	       0.035 	
                mix4	       0.033 	       0.033 	       0.033 	       0.034 	
               mix12	       0.030 	       0.030 	       0.030 	       0.030 	
               mix10	       0.033 	       0.033 	       0.033 	       0.033 	
                mix8	       0.064 	       0.064 	       0.064 	       0.064 	
               mix17	       0.047 	       0.047 	       0.047 	       0.047 	
                mix2	       0.030 	       0.030 	       0.030 	       0.030 	
                mix1	       0.040 	       0.040 	       0.040 	       0.040 	
               mix16	       0.030 	       0.030 	       0.030 	       0.030 	
                mix7	       0.032 	       0.032 	       0.032 	       0.032 	
                mix3	       0.030 	       0.030 	       0.030 	       0.030 	
##########
system.mem_ctrls.rh_rrs_num_accesses


               Expts	17.C4/AE.BASELINE.4C	C2017.C4/RFM1.BR2.4C	C2017.C4/RFM2.BR2.4C	C2017.C4/RFM5.BR2.4C	

             blender	0           	24594100.000 	24334200.000 	24427900.000 	
                 lbm	0           	20472000.000 	15852600.000 	16086000.000 	
                roms	0           	 3429300.000 	 3554200.000 	 3510500.000 	
                 gcc	0           	 2824300.000 	 2903200.000 	 3070000.000 	
                 mcf	0           	 3202700.000 	 3288300.000 	 3276000.000 	
           cactuBSSN	0           	 1746300.000 	 1746300.000 	 1979500.000 	
                  xz	0           	  299000.000 	  270900.000 	  300100.000 	
           deepsjeng	0           	  210700.000 	  186000.000 	  181800.000 	
             imagick	0           	   82300.000 	   83900.000 	   86700.000 	
                 nab	0           	  102100.000 	   98600.000 	   99600.000 	
              bwaves	0           	   50200.000 	   50200.000 	   51500.000 	
                namd	0           	   61000.000 	   61000.000 	   70800.000 	
              parest	0           	   33500.000 	   33500.000 	   33500.000 	
               leela	0           	   10000.000 	   10000.000 	    9300.000 	
                 wrf	0           	    7200.000 	    7000.000 	    7100.000 	
              povray	0           	    1700.000 	    1700.000 	    1700.000 	
           exchange2	0           	    1300.000 	    1300.000 	    1300.000 	
               mix11	0           	 4927300.000 	 4911600.000 	 4671700.000 	
               mix13	0           	 1529300.000 	 1524200.000 	 1432000.000 	
               mix14	0           	 1240300.000 	 1238400.000 	 1168900.000 	
                mix5	0           	 1119200.000 	 1117500.000 	 1122800.000 	
                mix6	0           	  955700.000 	  951800.000 	  908100.000 	
                mix9	0           	  886400.000 	  886700.000 	  882800.000 	
               mix15	0           	  736400.000 	  735600.000 	  715300.000 	
                mix4	0           	  548500.000 	  547200.000 	  539000.000 	
               mix12	0           	  571700.000 	  572400.000 	  569400.000 	
               mix10	0           	  538600.000 	  538800.000 	  535500.000 	
                mix8	0           	  520600.000 	  520700.000 	  520700.000 	
               mix17	0           	  495900.000 	  496400.000 	  495700.000 	
                mix2	0           	  434800.000 	  435700.000 	  435800.000 	
                mix1	0           	  367500.000 	  366900.000 	  366100.000 	
               mix16	0           	  311300.000 	  311600.000 	  311500.000 	
                mix7	0           	  242600.000 	  240900.000 	  232100.000 	
                mix3	0           	  137200.000 	  137300.000 	  137300.000 	
##########
system.mem_ctrls.rh_num_rfms


               Expts	17.C4/AE.BASELINE.4C	C2017.C4/RFM1.BR2.4C	C2017.C4/RFM2.BR2.4C	C2017.C4/RFM5.BR2.4C	

             blender	0           	0           	   13132.000 	  262482.000 	
                 lbm	0           	0           	   40652.000 	  485021.000 	
                roms	0           	0           	    3471.000 	   84356.000 	
                 gcc	0           	0           	     140.000 	   18361.000 	
                 mcf	0           	0           	     763.000 	    8563.000 	
           cactuBSSN	0           	0           	0           	      13.000 	
                  xz	0           	0           	       1.000 	      92.000 	
           deepsjeng	0           	0           	       1.000 	      17.000 	
             imagick	0           	0           	     200.000 	    1335.000 	
                 nab	0           	0           	       8.000 	     181.000 	
              bwaves	0           	0           	0           	     528.000 	
                namd	0           	0           	0           	      28.000 	
              parest	0           	0           	0           	0           	
               leela	0           	0           	0           	       3.000 	
                 wrf	0           	0           	       1.000 	      18.000 	
              povray	0           	0           	0           	       1.000 	
           exchange2	0           	0           	0           	       3.000 	
               mix11	0           	0           	    2732.000 	   92455.000 	
               mix13	0           	0           	     916.000 	   24816.000 	
               mix14	0           	0           	     650.000 	   22720.000 	
                mix5	0           	0           	     490.000 	    5094.000 	
                mix6	0           	0           	     547.000 	   18843.000 	
                mix9	0           	0           	      41.000 	    2829.000 	
               mix15	0           	0           	    1489.000 	   12782.000 	
                mix4	0           	       3.000 	    1301.000 	   10149.000 	
               mix12	0           	0           	     138.000 	    2766.000 	
               mix10	0           	0           	     335.000 	    4692.000 	
                mix8	0           	0           	       6.000 	     115.000 	
               mix17	0           	0           	      14.000 	     343.000 	
                mix2	0           	0           	      15.000 	     651.000 	
                mix1	0           	0           	     884.000 	    6058.000 	
               mix16	0           	0           	       7.000 	     123.000 	
                mix7	0           	0           	     501.000 	    3312.000 	
                mix3	0           	0           	      20.000 	     329.000 	
